-0.060730893167009525 0.4614154771784766 -0.8851031104223507 -2.1252530771701332 -0.9978206629330546 -0.05098555323658184 0.04188553431720196 3.200896716242402 -0.025800837952455732 0.8857179183155998 0.4635062955124711 2.033244477833673 0.0 0.0 0.0 1.0
-0.0679704544460259 0.4655652320901605 -0.8823995875085496 -2.1597112738519586 -0.9973585335541797 -0.05441246607067129 0.04811693135271298 3.157738078508094 -0.025611967303391155 0.8833392882969331 0.46803389719760663 2.034206188209717 0.0 0.0 0.0 1.0
-0.0736925708873362 0.4685988892137904 -0.8803320317173738 -2.1963548458473876 -0.9969547099018292 -0.05719412406774218 0.05301074020158843 3.111545880097842 -0.025509045467985873 0.8815576630281792 0.4713866516986557 2.0355596949493595 0.0 0.0 0.0 1.0
-0.07792588997568922 0.46998562132259175 -0.8792275424857536 -2.2328402198996233 -0.9966256650650447 -0.05953239810813561 0.056508205680143905 3.0659098379665433 -0.02578447993049236 0.8806641864919238 0.4730388475266 2.0293505478515743 0.0 0.0 0.0 1.0
-0.08140053200632359 0.4710837047308013 -0.8783245963595768 -2.2660375681085037 -0.9963530362765253 -0.06108308881054836 0.05957754076788968 3.02717072068805 -0.025584770700233253 0.879971021933353 0.47433787547469647 2.026411411819985 0.0 0.0 0.0 1.0
-0.0836252776872635 0.47057854846937086 -0.878386385764381 -2.3013015262770895 -0.9961690378394997 -0.062100177404762105 0.06156960302179305 2.9883716910947857 -0.02557461596606509 0.8801700959080107 0.4739689244365428 2.016901874676425 0.0 0.0 0.0 1.0
-0.0847607362611758 0.4692747757892536 -0.8789748588215889 -2.334803309376287 -0.9960717064776045 -0.06259553710878145 0.06263349175077187 2.952121437399205 -0.025627585594811167 0.8808308484527358 0.47273697053930125 2.0061171281575056 0.0 0.0 0.0 1.0
-0.08497377239365961 0.4669762685422706 -0.8801776085924654 -2.3696300681240974 -0.9960520040894673 -0.06258580706744862 0.0629557138241647 2.9172560968922396 -0.025687801671432867 0.8820522554905751 0.4704508002685729 1.993235484180048 0.0 0.0 0.0 1.0
-0.08403908812983074 0.46429330476186764 -0.8816854081040658 -2.4015297676146274 -0.9961340055482514 -0.06186073049705837 0.06237221346725422 2.8836327583748735 -0.025582702297890416 0.8835185211525753 0.4676970688036925 1.9820689010407533 0.0 0.0 0.0 1.0
-0.08233219022164456 0.46077508008979384 -0.8836898415539091 -2.4301050855458945 -0.9962818803260504 -0.06062904177588102 0.06120893911320921 2.8550529917268035 -0.025373714498393353 0.8854436429866934 0.4640535849996948 1.9670560927996619 0.0 0.0 0.0 1.0
-0.07986857401780675 0.4561246793272768 -0.8863245950761915 -2.4610833523473383 -0.9964858277160218 -0.05904860429345085 0.05940755416736942 2.8265897063420256 -0.02523897869599789 0.8879546943867996 0.45923790644380624 1.9495407955048263 0.0 0.0 0.0 1.0
-0.0766012042045886 0.4508605853173477 -0.8893014045674998 -2.49234263276988 -0.9967409055678983 -0.05725448777098095 0.056828608972999135 2.7978187541953274 -0.025294716488189036 0.8907562271920183 0.45377695080346037 1.9315714461342597 0.0 0.0 0.0 1.0
-0.07251106903109744 0.4446899043326321 -0.8927446633257602 -2.5223969774288073 -0.9970487671877788 -0.05495110939754064 0.053610926361591246 2.7717128045640465 -0.025217071943564637 0.8939973515646447 0.4473620845825628 1.9098044155432523 0.0 0.0 0.0 1.0
-0.0680827029115237 0.4377477520980804 -0.8965163975864369 -2.5523816985699996 -0.9973587952865863 -0.05265183102309102 0.05003217119457404 2.7478799554595197 -0.02530175940214023 0.8975548396989379 0.440176249641246 1.8857598646339202 0.0 0.0 0.0 1.0
-0.06283547425956208 0.43026537652923985 -0.900512858863632 -2.5809994903614126 -0.9977050863682021 -0.04988562684621461 0.045781927320911756 2.7243007119878726 -0.025224270250522658 0.9013229887439423 0.4324125416729697 1.8618010913848997 0.0 0.0 0.0 1.0
-0.05738238131673727 0.4218672532667189 -0.904839921190283 -2.610451619175654 -0.9980265460352203 -0.047389891567833436 0.0411972278950237 2.702432080120309 -0.02550050437717776 0.9054182563005847 0.4237540624916536 1.8327064528317243 0.0 0.0 0.0 1.0
-0.0512683528238031 0.4134234621778807 -0.9090943828688036 -2.637846398337755 -0.9983670020475482 -0.044183447813435216 0.03620983515490754 2.681417089767422 -0.025196928808338664 0.9094662522074082 0.4150135551021204 1.8088006129136855 0.0 0.0 0.0 1.0
-0.04499820538348641 0.40413135243494047 -0.9135934607556001 -2.664333045360977 -0.9986728614767405 -0.04113304193126587 0.03099336398936338 2.6639939546381366 -0.0250534880238606 0.9137756414375531 0.40544592721753814 1.7795661207748088 0.0 0.0 0.0 1.0
-0.03844709438766348 0.39410708418104323 -0.9182599997688484 -2.6925304437582294 -0.9989396728232529 -0.038447889279367174 0.025323701739121317 2.6443098220185997 -0.025324908547708892 0.9182599664867832 0.395167411357268 1.7468638703488855 0.0 0.0 0.0 1.0
-0.031780270011629426 0.38388232790646554 -0.9228349650956685 -2.7185561821535007 -0.9991729446892182 -0.035634544998041924 0.01958585724179849 2.6270600322069453 -0.02536613961744274 0.9226941733683655 0.3846973114502348 1.7161430633402353 0.0 0.0 0.0 1.0
-0.02488224858872678 0.37332060836885733 -0.927368641434623 -2.7444720274613417 -0.9993751835864193 -0.03258233834094004 0.013697943637098104 2.611135499210245 -0.025102114189997006 0.9271300419247477 0.3738980733674219 1.6859143498065545 0.0 0.0 0.0 1.0
-0.017981715548755137 0.3624831148925459 -0.9318168539835194 -2.767476434963536 -0.9995269269630046 -0.029774893284345825 0.0077057125456285154 2.598125837443541 -0.024951556701908153 0.9315145984855788 0.3628470375660584 1.6532511051850556 0.0 0.0 0.0 1.0
-0.011115721923308976 0.35116480097404174 -0.9362476826817827 -2.793211722013111 -0.999631222408443 -0.027102016023275086 0.0017029133018260628 2.5833054070681967 -0.02477619648708403 0.9359213446269862 0.35133655773817496 1.6199701318741024 0.0 0.0 0.0 1.0
-0.0043119484414646456 0.33982349666309153 -0.9404793449408292 -2.816651644819856 -0.9996832836850128 -0.02478348581286928 -0.004371630331065435 2.5692356712357713 -0.024793939207858714 0.9401626295437858 0.3398227341305074 1.5852642327829025 0.0 0.0 0.0 1.0
0.0022473852098400006 0.3280150795875799 -0.9446698136740139 -2.8402147936842455 -0.9996908386510598 -0.022655456422823385 -0.010244872446893235 2.556714117578231 -0.024762398448680594 0.944400782454929 0.32786275446541496 1.5482879426660239 0.0 0.0 0.0 1.0
0.008742936205423178 0.31654999327408534 -0.9485355359019024 -2.86135095559639 -0.9996635398185371 -0.02039876988480576 -0.01602177720163552 2.5454246408942667 -0.02442065158984045 0.9483564688393391 0.31626514166213393 1.5144917485794567 0.0 0.0 0.0 1.0
0.014965058807434733 0.30503199150322097 -0.9522245172324079 -2.8839727940499014 -0.9995949946268939 -0.018489992687358032 -0.02163254232214279 2.532246661850327 -0.02420524182615118 0.952162593454531 0.3046317480797778 1.4800259826228013 0.0 0.0 0.0 1.0
0.02073773226665678 0.29332140999540074 -0.9557889395377882 -2.90550960651857 -0.9994943049084754 -0.016967437076960627 -0.02689313173658526 2.522297454678702 -0.024105620010629603 0.9558633043282959 0.29282121263077365 1.4418923647461819 0.0 0.0 0.0 1.0
0.025986480103011276 0.2815872615779578 -0.9591836721988691 -2.926119872163487 -0.9993724517255489 -0.015786152234542144 -0.03170962203705379 2.5140308858149187 -0.024070845105304554 0.959405759602638 0.281000325446901 1.4015138178979691 0.0 0.0 0.0 1.0
0.03106414731387549 0.2698920452712123 -0.9623893716656512 -2.9494110819122037 -0.9992265021308034 -0.014842525755841773 -0.03641561297938821 2.50086532291661 -0.024112573302907794 0.9627761855034476 0.2692222139426925 1.36102799428838 0.0 0.0 0.0 1.0
0.03569341891982608 0.2588698240446302 -0.965252502762329 -2.968732805001553 -0.9990714467318799 -0.014077453938099005 -0.04071940097457169 2.4893674393321854 -0.02412932181176159 0.9658096290334773 0.2581269771627588 1.3220276678782472 0.0 0.0 0.0 1.0
0.039606581526864554 0.24760500543600622 -0.9680511763470024 -2.9910327931471414 -0.9989175137415325 -0.013841216549099773 -0.044409700121872196 2.477781586612105 -0.024395070002517207 0.9687621906595739 0.24678877314841102 1.278405491467006 0.0 0.0 0.0 1.0
0.0429455807975128 0.237218141300039 -0.9705066875463265 -3.0093091463035737 -0.9987846009528151 -0.013322867511126435 -0.047453367644936295 2.469741259692571 -0.024186731688001086 0.9713650470773056 0.23635766831397456 1.2385147415682525 0.0 0.0 0.0 1.0
0.04567224338464495 0.2271467716268561 -0.9727889752498914 -3.028695408574011 -0.9986581517485092 -0.013415254174056448 -0.05001926530582566 2.45845868786741 -0.024411925994062708 0.9737681321233522 0.22622927037481264 1.196143025198909 0.0 0.0 0.0 1.0
0.04796492917101707 0.21783910075258597 -0.9748053609808204 -3.047634431985587 -0.9985561780978707 -0.013172634163881002 -0.05207725887367756 2.445997238476851 -0.024185217643891865 0.9758957976836202 0.2168927554231131 1.1582762194117593 0.0 0.0 0.0 1.0
0.04917510926621578 0.2091686066211521 -0.9766423617050641 -3.064363861984692 -0.9985052094389558 -0.013060804061213387 -0.05307317703492544 2.4384820204218296 -0.023856977013463624 0.9777923652010688 0.20821367689549317 1.1196445741819068 0.0 0.0 0.0 1.0
0.04971407398306777 0.20081818101173635 -0.9783662755160598 -3.08169676184998 -0.9984757724116423 -0.013518247483198301 -0.053510642791830855 2.4282971606219617 -0.023971707391865334 0.9795352547020347 0.19984004124449334 1.0771641421409412 0.0 0.0 0.0 1.0
0.04939871075426078 0.19329947494052546 -0.9798954436099585 -3.098961753381412 -0.998494281599569 -0.013872342759579298 -0.05307285294158506 2.417351637529979 -0.02385240006951147 0.9810417275213817 0.19232314451684973 1.0375666862546888 0.0 0.0 0.0 1.0
0.04831741148111522 0.18584127559564184 -0.9813910780503214 -3.117655828503312 -0.9985394935005023 -0.014790908928846807 -0.05196257242339386 2.4042206287169443 -0.024172456801419523 0.9824684469956791 0.1848551947718649 0.9912464462314227 0.0 0.0 0.0 1.0
0.046524561172065465 0.18008484051208543 -0.9825502101518818 -3.1335137252137466 -0.9986250338267713 -0.015400862308597739 -0.05010843496528262 2.390672994879752 -0.02415589001686603 0.9835305097972029 0.17912071158749113 0.9538325085787938 0.0 0.0 0.0 1.0
0.04387176238543432 0.17443544668231195 -0.9836907763367315 -3.1487402106760523 -0.9987462627594308 -0.016102112231073842 -0.04739857176968809 2.3795623373096118 -0.02410749031999537 0.9845369454553227 0.17351032242502584 0.9127864239619953 0.0 0.0 0.0 1.0
0.04074319800191582 0.16960262333480794 -0.9846699660386474 -3.1639557413804114 -0.998880833967018 -0.016779481026918577 -0.04422135852571375 2.364430460737519 -0.024022309426312168 0.9853696764252868 0.16872916012181785 0.8744516934348157 0.0 0.0 0.0 1.0
0.036817173748335735 0.16490772974218348 -0.9856215990087104 -3.1799715736180514 -0.9990295980304749 -0.01778448329778859 -0.040293602630396 2.350064067937207 -0.024173497398422363 0.986148646436816 0.16409292854485286 0.8333491996377256 0.0 0.0 0.0 1.0
0.03229889008875767 0.16051284098014162 -0.9865051493142551 -3.195390395998416 -0.9991805731362923 -0.018902299223499473 -0.03578945865940225 2.335169994839596 -0.024391883204423072 0.9868527402852982 0.1597707891612282 0.790928978254665 0.0 0.0 0.0 1.0
0.027497595971245646 0.15695471241294212 -0.9872229234125371 -3.2099521892797984 -0.9993238818615352 -0.019796344151163693 -0.030981993148913117 2.3175595819231285 -0.024406174570459904 0.9874073744173026 0.1563042406117859 0.7535565587211456 0.0 0.0 0.0 1.0
0.021940187879181814 0.15336430701821988 -0.9879261194708192 -3.2238533411749404 -0.9994568495102742 -0.020939486322652554 -0.025446883494431777 2.3022450404166452 -0.024589309119347334 0.987947836320023 0.15282159085574387 0.711819772799907 0.0 0.0 0.0 1.0
0.016316769120378556 0.1507570040516349 -0.9884361834832186 -3.236624724692749 -0.9995705461315101 -0.02160650881192146 -0.019796011804225543 2.2833337982949287 -0.024341042540228012 0.9883347026945806 0.15033971245726158 0.6785811396537854 0.0 0.0 0.0 1.0
0.010137525005454399 0.14786693644974927 -0.9889553072488935 -3.250120592952555 -0.9996484301952647 -0.022733194820605 -0.013646166547046826 2.2644363916850865 -0.024499930510155234 0.9887459587792313 0.14758449256882714 0.6400714794530635 0.0 0.0 0.0 1.0
0.003830730658788351 0.1454312122873839 -0.9893609493199464 -3.262442939213143 -0.9996951182219173 -0.023576436544334663 -0.007336364438641333 2.2435786872292813 -0.024392542015178084 0.989087414830731 0.1452965579824976 0.604768660182944 0.0 0.0 0.0 1.0
-0.0027966429595072118 0.14292538758060558 -0.9897295147751811 -3.2757200655800127 -0.999694551521033 -0.02470328434697773 -0.0007425642545397758 2.22093145556884 -0.024555700913971197 0.989425126713209 0.1429508175046088 0.5682587307614559 0.0 0.0 0.0 1.0
-0.009804939715240893 0.1403537824739243 -0.9900528667432194 -3.287392276654497 -0.9996487344562561 -0.025755797139832594 0.00624872896960163 2.200924294016438 -0.02462256804701008 0.9897663636954915 0.1405570150644812 0.5304068143017716 0.0 0.0 0.0 1.0
-0.016465062222713336 0.13810615271728163 -0.9902805624426126 -3.2999865085742637 -0.9995519903728507 -0.02703170907759768 0.01284932862275093 2.1715426293584543 -0.02499440472806032 0.9900484722123529 0.13848935860324474 0.4969247794020311 0.0 0.0 0.0 1.0
-0.023748936467803253 0.13596306891284457 -0.9904292160232722 -3.3109416689389626 -0.9994048301015659 -0.02802286999143252 0.02011726440504198 2.1481187056961963 -0.025019464149695952 0.9903175060016262 0.13654766114600086 0.46465877063074895 0.0 0.0 0.0 1.0
-0.030570958455391466 0.13389200518714692 -0.9905242791017831 -3.3216922059996206 -0.9992278376433631 -0.028563735117354147 0.026978538039575405 2.120089744298047 -0.024680862580435024 0.9905841933057211 0.13466183958049033 0.43632893394501565 0.0 0.0 0.0 1.0
-0.037363739636776847 0.1311370063492905 -0.9906598995468249 -3.3345367336895824 -0.998985211396026 -0.029851091594644743 0.033726247088629466 2.0869819008588846 -0.025149520321914476 0.9909147278854962 0.13211927842390386 0.40288211163270105 0.0 0.0 0.0 1.0
-0.04408568492833103 0.1289147363900577 -0.9906752460669971 -3.344380790023592 -0.9987045862389761 -0.030907768670767395 0.040421024987846915 2.0519362243641757 -0.02540869555237009 0.9911739002926309 0.13011032861799648 0.37654849143070546 0.0 0.0 0.0 1.0
-0.050830192250261114 0.12612433456443936 -0.9907113322408811 -3.352508766090401 -0.9983918012529466 -0.03135029891933699 0.04723314459786372 2.022234697786392 -0.025101847476734697 0.9915189413381744 0.1275150432887932 0.3465103293653616 0.0 0.0 0.0 1.0
-0.05712077726580829 0.12335604612790135 -0.9907171658613091 -3.3668496904017364 -0.9980486140884702 -0.032125748508731775 0.05354344216499353 1.9821140396620311 -0.025222623192192355 0.991842337375488 0.12495037860245001 0.3235181001320364 0.0 0.0 0.0 1.0
-0.06329018808429882 0.11984531824521855 -0.9907731586145136 -3.374483739439427 -0.9976711933786772 -0.032891698638148156 0.059752205508268055 1.945271008702384 -0.025427190066922668 0.9922475678475728 0.12164794346777492 0.2946395804482568 0.0 0.0 0.0 1.0
-0.06950046240380169 0.11615741459760884 -0.9907962155779974 -3.380880391305639 -0.9972609733876004 -0.03328165904978346 0.06605211676357214 1.912396107415813 -0.025302898722726737 0.992673051033882 0.11815234704132398 0.26812619066189697 0.0 0.0 0.0 1.0
-0.07499639960261276 0.11236428958986734 -0.9908328852615021 -3.392088563618338 -0.996859634886319 -0.03378195147054536 0.07162156162214406 1.8691169579837825 -0.02542456255433539 0.9930926674907167 0.11454494942665697 0.24841144711598695 0.0 0.0 0.0 1.0
-0.08005226952718324 0.10795693528948236 -0.9909273103060957 -3.40327429135813 -0.9964684439465288 -0.033942394632319836 0.07680204466969612 1.8256491149245686 -0.025343132451846426 0.9935759729449716 0.11029284504465117 0.2275162108309637 0.0 0.0 0.0 1.0
-0.08570244699766333 0.10302263115657413 -0.9909800341541765 -3.409484320767706 -0.9960003960729054 -0.03408104542662899 0.0825935431210105 1.7918039989514645 -0.02526463143202037 0.9940949752695788 0.10553141042572127 0.20334226066245464 0.0 0.0 0.0 1.0
-0.08981872162647915 0.09819753590250781 -0.9911053633353436 -3.421274344853416 -0.9956269307437436 -0.03451432057639341 0.08680885008442629 1.740397608245603 -0.025682913062318062 0.9945682508816794 0.10086814342919077 0.1870355768491329 0.0 0.0 0.0 1.0
-0.09464000593580345 0.09233013752508705 -0.9912206691877916 -3.4291710227858108 -0.9951807839402347 -0.03443999697192935 0.09181009685602103 1.7007055662379706 -0.02566079797643334 0.9951326707314907 0.09514458016137833 0.16350376345090126 0.0 0.0 0.0 1.0
-0.09897091481243189 0.08704306972971178 -0.9912760776278436 -3.4363286668233117 -0.9947630561025076 -0.03420101579473835 0.0963159007238481 1.6559721563202177 -0.025519017125110253 0.9956172932280029 0.08997213587759151 0.14958976764907347 0.0 0.0 0.0 1.0
-0.10294136628940447 0.08115470059647092 -0.9913712673471987 -3.4453160747892744 -0.9943582175489003 -0.03403618068541495 0.10046528553366746 1.611975113297722 -0.025589261413934312 0.9961202000860464 0.0842005743738513 0.13318845615434732 0.0 0.0 0.0 1.0
-0.10600691810032636 0.07547344457900139 -0.9914969957202466 -3.458651882592998 -0.9940305974497109 -0.03391594177264792 0.10369609552670633 1.5537791332316149 -0.025801252855809528 0.9965708545312134 0.07861823766824091 0.12500166665390572 0.0 0.0 0.0 1.0
-0.11031804282510724 0.06866726832266226 -0.9915214247470223 -3.465132513012767 -0.9935607033846737 -0.033543170325664944 0.10822192205969551 1.518803108645598 -0.025827468271367986 0.9970755548250222 0.07192551631464514 0.10427838853688927 0.0 0.0 0.0 1.0
-0.11326713958061863 0.06253246226777667 -0.991594799450853 -3.4764778413734043 -0.9932288601072611 -0.033068169443621814 0.1113684318813788 1.4652592123111468 -0.025826082583211226 0.9974949560656413 0.0658545831819703 0.09565020619960872 0.0 0.0 0.0 1.0
-0.11641046943778402 0.05545624124646076 -0.9916517574008088 -3.4878258890840907 -0.9928505414663319 -0.033026263552553205 0.11470426420062438 1.4178283425774152 -0.026389484944764053 0.9979147615235433 0.058904361993164824 0.07895954660814015 0.0 0.0 0.0 1.0
-0.11938851871406031 0.04950509461127831 -0.9916126397191671 -3.4965205154200834 -0.9925035331595975 -0.03224292635225343 0.11788609063836736 1.371726650754254 -0.026136531242022615 0.9982532941852943 0.05298341652729605 0.0776844120002768 0.0 0.0 0.0 1.0
-0.12228086374305108 0.043019412387830754 -0.9915627668302613 -3.509161612838026 -0.9921615201562528 -0.03121574567539874 0.1210003931530858 1.3246963586335052 -0.02574700533842589 0.9985864546566597 0.04649929393450989 0.07189285682425813 0.0 0.0 0.0 1.0
-0.12495645021534268 0.035938456258638306 -0.9915111259866678 -3.5211582172748557 -0.9918187438358366 -0.030818487517223027 0.12387816677321332 1.2778292204564186 -0.026104883181428427 0.9988786954545181 0.03949540334299988 0.06049538041959439 0.0 0.0 0.0 1.0
-0.12693873448724755 0.02940894930107748 -0.9914744935860963 -3.5355958087636346 -0.9915605498977235 -0.030313768188949257 0.12605059041809025 1.2225311498386116 -0.026348312540848268 0.9991076964988395 0.03300874531233577 0.05577570285003352 0.0 0.0 0.0 1.0
-0.130292596334854 0.022216161271164984 -0.9912266549900276 -3.543035980848783 -0.9911247036427391 -0.02951393324125182 0.1296177054794651 1.190500929047482 -0.026375389473794857 0.9993174520476614 0.025864433246019104 0.046084141795701035 0.0 0.0 0.0 1.0
-0.13216723791394341 0.0164395913558839 -0.9910910962682866 -3.5591741537640162 -0.9908861713194558 -0.028425830111528484 0.13166840042462297 1.1373536803208066 -0.026008012430107134 0.9994607106147545 0.0200467271879401 0.05266556531291377 0.0 0.0 0.0 1.0
-0.13485773193021064 0.009533153780862471 -0.9908191112214444 -3.568365674019962 -0.9905190193127204 -0.027718545904297183 0.13455019358126674 1.1013813212037866 -0.026181377330591515 0.9995703083005071 0.013180830367034189 0.04424112211848263 0.0 0.0 0.0 1.0
-0.13640850842365262 0.0039912195679890645 -0.9906446330748572 -3.5869835421502394 -0.9903130905640037 -0.026730386343139508 0.1362551617501396 1.0488120164166579 -0.02593648950303195 0.999634711610365 0.0075988091161504085 0.0545414806848194 0.0 0.0 0.0 1.0
-0.1389920266097633 -0.002538450971535203 -0.9902902467709153 -3.6004440439354313 -0.9899500946775054 -0.025976674221418614 0.13901087167711454 1.0127774235648124 -0.02607731940727903 0.9996593263242692 0.0010976108150110653 0.049506256456302 0.0 0.0 0.0 1.0
-0.14146113924992149 -0.009366837842735152 -0.9898994941280485 -3.6167889807596625 -0.9895761600139218 -0.025912022596768426 0.14166012359547225 0.9757680186510038 -0.026977205466876236 0.9996203426690577 -0.005603655187078341 0.04036514198406942 0.0 0.0 0.0 1.0
-0.14312635374382385 -0.013705597023209863 -0.9896095207293928 -3.631338637370804 -0.989362233030384 -0.02431026521621854 0.14342727376021389 0.9323693145983594 -0.02602342632572152 0.9996105079776773 -0.010080360456954672 0.05826207541669447 0.0 0.0 0.0 1.0
-0.14472192119847146 -0.019090131139968863 -0.9892881948460244 -3.652524005976911 -0.9891226470611544 -0.023788789310248314 0.1451567517338604 0.8905082925757867 -0.02630502986075926 0.9995347219783051 -0.01543972175394576 0.06271047484087251 0.0 0.0 0.0 1.0
-0.14655956593817723 -0.02342127286922458 -0.988924535873806 -3.6708344232470487 -0.9888629748713116 -0.022696745745281893 0.14708798272215284 0.8508510952845747 -0.025890356531118 0.9994680093698834 -0.01983400436009652 0.07700037110632918 0.0 0.0 0.0 1.0
-0.1486883467480415 -0.02826416191496734 -0.9884801023473369 -3.689726831441238 -0.9885379403968642 -0.022198239515333597 0.14933177343881984 0.8172180587292448 -0.026163255491571648 0.9993539790072903 -0.02463957687221314 0.08032329062238452 0.0 0.0 0.0 1.0
-0.1507043200901733 -0.03213945689170386 -0.9880563057138432 -3.707887203197274 -0.98823454151833 -0.021479870705809496 0.15143020208847005 0.7850681070933974 -0.0260902061489175 0.9992525559182762 -0.028524212135677074 0.09086138416932146 0.0 0.0 0.0 1.0
-0.15239309689330638 -0.03598691189453394 -0.9876645615975016 -3.7287699036336655 -0.9879680564461456 -0.02111861505500732 0.15320941074301334 0.747864382823728 -0.02637164124567247 0.9991290939185457 -0.03233558825161115 0.1002708295038193 0.0 0.0 0.0 1.0
-0.15460687110364213 -0.038765788238612674 -0.9872152395064637 -3.7522695301048596 -0.9876281071889758 -0.020453418616490516 0.15547469105053183 0.7225076432571887 -0.026219025507933296 0.9990389739010084 -0.035123943006121094 0.11752302530412577 0.0 0.0 0.0 1.0
-0.15673287549470907 -0.04123913196173324 -0.986779681478204 -3.777124439829559 -0.9872954257694195 -0.019887355889164945 0.15764591758290586 0.6955700891013987 -0.026125619508183845 0.998951363738407 -0.037598203874025134 0.13286132221847885 0.0 0.0 0.0 1.0
-0.1591357803682989 -0.043445324644170176 -0.9863003128951949 -3.79996226742556 -0.9869077134947528 -0.019560788119851714 0.16009541096711005 0.6735307135871286 -0.026248208546594293 0.9988642947761903 -0.03976370472454369 0.1469964969552161 0.0 0.0 0.0 1.0
-0.16071539568136867 -0.045324217283199235 -0.9859595716674538 -3.8303283667992285 -0.9866478521283605 -0.01933455089592605 0.16171639073446892 0.643559221388803 -0.026392754351633626 0.9987852073961456 -0.0416116816343071 0.1591392143980853 0.0 0.0 0.0 1.0
-0.16300372776031244 -0.04572830946838919 -0.9855651711040871 -3.8573073981480226 -0.9862793734871579 -0.018903576481745357 0.16399893972223195 0.6226793758947891 -0.026130100857816474 0.9987750380107654 -0.04201953497858301 0.18217976575614045 0.0 0.0 0.0 1.0
-0.16497833352587296 -0.04613706093874528 -0.9852174993974601 -3.8846002776627087 -0.9859443804674978 -0.019001153765654297 0.16598986348622174 0.5999010116331406 -0.02637855364554237 0.99875438812931 -0.04235379728051582 0.19963653025815423 0.0 0.0 0.0 1.0
-0.16710191790409262 -0.04559442687880611 -0.9848848142368678 -3.913449132970454 -0.9855854239835641 -0.0190491525454975 0.1681026526217656 0.5809476475158551 -0.026425765169238488 0.9987783928724807 -0.04175405262183529 0.22174191883282682 0.0 0.0 0.0 1.0
-0.16961743630187204 -0.04504649417799697 -0.9844799331163002 -3.945389458598022 -0.9851550753197347 -0.019056798753499537 0.17060573259147577 0.5705748765467483 -0.026446226102170817 0.9988031096405257 -0.04114541701612513 0.23652472417206916 0.0 0.0 0.0 1.0
-0.17135363375924967 -0.04312592746792924 -0.9842652521660791 -3.9792607144120145 -0.9848542496844133 -0.019331695675399677 0.17230319910234781 0.5509782090893569 -0.026458251585725193 0.9988825956869946 -0.03916019663766422 0.2613445747420553 0.0 0.0 0.0 1.0
-0.17343233120874985 -0.0411110055605687 -0.9839873534539557 -4.008435473117932 -0.9844862195575657 -0.019759202252462128 0.17434579842266276 0.5365090658669593 -0.026610336219177518 0.9989591879512334 -0.03704633393706453 0.2812090030305389 0.0 0.0 0.0 1.0
-0.1753437986357533 -0.03780892790563675 -0.9837809905129463 -4.042058070385735 -0.9841537158916799 -0.020046036462149825 0.17618064569865363 0.5241740656146007 -0.0263821109381813 0.999083901099816 -0.03369484871134874 0.3093820376422828 0.0 0.0 0.0 1.0
-0.17659501492607788 -0.03396795103632911 -0.9836973005196645 -4.0804510622150145 -0.9839294474857878 -0.020714999770455936 0.1773519978879872 0.5015643724887715 -0.026401573334917237 0.9992082201077738 -0.029763901601742124 0.33696128689729493 0.0 0.0 0.0 1.0
-0.17848829923486378 -0.029594293788326224 -0.9834968758747735 -4.112386808264084 -0.9835915218315692 -0.021311074961739916 0.17914674505854405 0.49328463833825154 -0.02626109705088924 0.9993347866972238 -0.025304918940002634 0.3648813383649395 0.0 0.0 0.0 1.0
-0.18028801802389038 -0.024820730823983506 -0.9833006467619169 -4.148004324921616 -0.9832614763816749 -0.02220904517433761 0.1808414426402623 0.4844157925754886 -0.026326785253485595 0.9994451909323725 -0.0204012436981777 0.3898842422388685 0.0 0.0 0.0 1.0
-0.181530033465418 -0.01975987179281023 -0.9831868563303716 -4.186962547804084 -0.9830338827824847 -0.023083787840250523 0.18196572215825615 0.46814900702718193 -0.02629129613938642 0.9995382365120983 -0.015234222712620989 0.4156178409172471 0.0 0.0 0.0 1.0
-0.18292048779460796 -0.013866836086435423 -0.9830299110637267 -4.2269760983391285 -0.9827797189166477 -0.024022759499646086 0.18321280280639649 0.45628011201609164 -0.0261556730398951 0.9996152349414299 -0.009233790385442345 0.4466851560743904 0.0 0.0 0.0 1.0
-0.18488503632340747 -0.007962968859362705 -0.9827278944421296 -4.259154773604412 -0.9824133625803966 -0.02506526527108308 0.1850289639499921 0.45662252150446886 -0.026105715241498833 0.9996541020012216 -0.003188734533149523 0.47079436377991174 0.0 0.0 0.0 1.0
-0.18576163706689244 -0.0015754476080035889 -0.9825935742732524 -4.304216656012167 -0.9822471106191526 -0.026303863301056305 0.1857383117609375 0.44044160899227497 -0.02613862803715832 0.9996527521016013 0.0033387698470947287 0.49929939600010914 0.0 0.0 0.0 1.0
-0.1870672644869273 0.004699807527623325 -0.9823358643613721 -4.345920039885524 -0.982000576384111 -0.027453559540030606 0.18687206867237666 0.43436490524023097 -0.02609035338550337 0.9996120317012069 0.009750875984603165 0.5223972395293142 0.0 0.0 0.0 1.0
-0.18744122927627208 0.011581581546078653 -0.9822075404823134 -4.391411103560833 -0.9819260517439619 -0.028891306635133288 0.18704684254877887 0.41285770683313056 -0.0262109609714994 0.9995154623185337 0.016787678671578838 0.5510060208178729 0.0 0.0 0.0 1.0
-0.18865409092060184 0.01867466027995801 -0.981866025018878 -4.431024608604313 -0.9816957980378588 -0.030193398096784212 0.1880471186331187 0.4091323809303038 -0.026134155714003585 0.9993696092131382 0.024028943596372164 0.5774461781942024 0.0 0.0 0.0 1.0
-0.18944899521647396 0.025404373106734365 -0.9815618656419707 -4.474375773756884 -0.9815416968606925 -0.031545673281029744 0.18862865058393874 0.4003060322129591 -0.026172037300605428 0.9991794074981334 0.030911747593384414 0.5974335101030288 0.0 0.0 0.0 1.0
-0.1895566689077057 0.03333126110029973 -0.9813038756420469 -4.51965675768718 -0.981523800428818 -0.03296187553948199 0.1884795584479327 0.3809861946254636 -0.02606335484062719 0.9989006666522955 0.038963569396466065 0.6310658971593184 0.0 0.0 0.0 1.0
-0.1901233481465016 0.040182520681424805 -0.9809375502881283 -4.565323113287225 -0.9814054787507188 -0.03463588179957255 0.18879523820816174 0.37004997093052594 -0.026389368480687854 0.9985918689673304 0.04602043576050576 0.6499390161132794 0.0 0.0 0.0 1.0
-0.1904285770791816 0.04782385588113215 -0.9805354842555583 -4.611251980332977 -0.9813516731448879 -0.03591871910236284 0.1888352171439745 0.35569907139516294 -0.026188750418898985 0.998209759755291 0.053771971554358935 0.6769060471590478 0.0 0.0 0.0 1.0
-0.18992414804106617 0.05582853323373016 -0.9802101779270962 -4.657858967452398 -0.9814428439574379 -0.03767643638381426 0.18801710078126121 0.3283304516173062 -0.026434107451961245 0.9977292523838277 0.06194817951230375 0.7081770166611611 0.0 0.0 0.0 1.0
-0.19102574412639994 0.06357793901214125 -0.9795238694365472 -4.695950504533119 -0.9812392019726682 -0.03885522153479534 0.18883829132768798 0.327896650477436 -0.02605366757638828 0.9972201950795282 0.06980751374622106 0.7342105813531997 0.0 0.0 0.0 1.0
-0.19123638435059165 0.07200852075298203 -0.9788990848312726 -4.73598422080788 -0.9812040916629898 -0.0402692329251723 0.188724453591641 0.3138836680202655 -0.025829746524259636 0.996590769505008 0.0783559977026073 0.7686756455016148 0.0 0.0 0.0 1.0
-0.1906413416282267 0.07978964274762558 -0.9784117189692795 -4.776972173981138 -0.9813152108986858 -0.041894630650033605 0.18779056627425014 0.28820735570749867 -0.026006455395485694 0.9959309478457314 0.08628563869455842 0.7950748698017794 0.0 0.0 0.0 1.0
-0.19094117730603713 0.08731797719941134 -0.9777100990123867 -4.818285334459269 -0.9812520238802666 -0.04355448505502415 0.1877431023034152 0.2724930559316159 -0.02619031196930479 0.9952279024089824 0.09399728650141795 0.8179770380356283 0.0 0.0 0.0 1.0
-0.19066558523690713 0.09535190027213843 -0.9770131267105797 -4.854872761515033 -0.9813129991152472 -0.04478505355041608 0.18713390057914076 0.2515268627908408 -0.025912012173634254 0.9944356762189112 0.10210902767244662 0.8490390950302275 0.0 0.0 0.0 1.0
-0.1907806425275491 0.10296693887643432 -0.9762174737112704 -4.887329801356851 -0.9812809712230841 -0.046623967906648994 0.18685251170952513 0.23522844259873923 -0.0262755010121213 0.9935914729701716 0.10993444833895002 0.8710400093067817 0.0 0.0 0.0 1.0
-0.19109209756097678 0.11098379381828304 -0.9752776055070018 -4.916857076060415 -0.9812212058480174 -0.04816395964915294 0.1867757430318939 0.22235486755045675 -0.0262441506834534 0.9926544366216216 0.1181034040761623 0.900004252799373 0.0 0.0 0.0 1.0
-0.19165757049799864 0.11835990566738182 -0.9742988804495446 -4.9410283035030975 -0.9811032181287798 -0.049938618738088095 0.18692942447865588 0.20991734690771122 -0.026530191279964168 0.9917142063784846 0.12569439868905513 0.9208809253973178 0.0 0.0 0.0 1.0
-0.19168787188975817 0.1266864116295083 -0.973245248086441 -4.964102869985765 -0.9811076715174383 -0.05114920015084527 0.1865783916041655 0.1905408320377274 -0.026143769070295506 0.9906231939927163 0.13409769165250543 0.9556546886195287 0.0 0.0 0.0 1.0
-0.19184797033690312 0.13464315391773024 -0.972144833563765 -4.983357160588942 -0.9810752039339627 -0.05274168860502519 0.18630555147139868 0.1711103120188232 -0.026187793048312983 0.9894895327542046 0.14221344559916432 0.9865861525830077 0.0 0.0 0.0 1.0
-0.19209389832758197 0.1424486765180356 -0.9709831660886796 -4.998227792197923 -0.9810260801551487 -0.054312759052108306 0.18611274609657946 0.15096687950201437 -0.02622526037883276 0.9883109322507564 0.15017901636302347 1.015818470110311 0.0 0.0 0.0 1.0
-0.1928960472588747 0.1499467038513083 -0.9696943337980545 -5.006018306316053 -0.9808698156329806 -0.05583740594690882 0.18648482210968365 0.1400682858503585 -0.026182431767054617 0.987116087471577 0.15784901065775409 1.0399221737005113 0.0 0.0 0.0 1.0
-0.1935238508678762 0.15807749629378826 -0.9682768324992495 -5.009808842689417 -0.9807486639177524 -0.05741333560879815 0.18664342238036136 0.12449848822471334 -0.026087877836911914 0.9857561636143588 0.16614514308378062 1.0741786780778098 0.0 0.0 0.0 1.0
-0.19402861140510194 0.16589010141836785 -0.9668678152941248 -5.011599124957593 -0.9806454922175941 -0.05913897052324059 0.1866467271580225 0.10383159042457582 -0.026216722730898485 0.9843693699322361 0.17415403248999384 1.1062908651310162 0.0 0.0 0.0 1.0
-0.19526750584687003 0.1730199565883125 -0.9653676480111312 -5.001856602650981 -0.9804012400117083 -0.06068471969951997 0.1874320500302236 0.09531530811749372 -0.02615357996705262 0.9830470281024682 0.18147873384469557 1.1294938806033645 0.0 0.0 0.0 1.0
-0.19602016470437172 0.1815509336157241 -0.9636469029559288 -4.988188465343487 -0.980256777071913 -0.062272216164314095 0.1876667847505487 0.0759325520998032 -0.025937348266820162 0.9814078813832521 0.19017314312958183 1.1692452201436823 0.0 0.0 0.0 1.0
-0.19685049328787804 0.18953114831300044 -0.9619396172086362 -4.972077362352236 -0.980088510859912 -0.06406673033720892 0.18794138699162774 0.055272278285057846 -0.026007579164322437 0.9797823217056769 0.19836886838187898 1.2048005252324956 0.0 0.0 0.0 1.0
-0.19752797287608106 0.19732629774370744 -0.960231759625899 -4.952259887650134 -0.9799461592992197 -0.06596016064686226 0.1880286735638633 0.030449068964852957 -0.026234039099126246 0.9781163476141806 0.2063981244258361 1.2377821853558544 0.0 0.0 0.0 1.0
-0.1986827400393448 0.20519656032490124 -0.9583420790538787 -4.927872530555164 -0.9797093815969206 -0.06788046898044674 0.1885782849164037 0.009385074998486665 -0.02635709435305839 0.9763639759872943 0.21451967279391518 1.2756803672528374 0.0 0.0 0.0 1.0
-0.19960204835189263 0.2126848745832467 -0.9565166838384268 -4.90064074649507 -0.9795150669868183 -0.06983897243452354 0.18887231526917014 -0.015853121189640707 -0.02663185763048286 0.9746218046486971 0.2222680411272142 1.3082657441559091 0.0 0.0 0.0 1.0
-0.20092385518603553 0.21967174315040028 -0.9546590646521248 -4.870981801014938 -0.9792422000615334 -0.07162765100707172 0.18961590974888057 -0.034370827149887095 -0.026726728890054313 0.9729408023699843 0.22950354483221078 1.3361342285812585 0.0 0.0 0.0 1.0
-0.20292814842746232 0.2268980879006099 -0.9525426102421201 -4.831545538811618 -0.9788374898860659 -0.07323948034368742 0.19108413569045865 -0.04182565411926965 -0.02640710076304671 0.971160767468446 0.23695870695851529 1.3644448893299295 0.0 0.0 0.0 1.0
-0.20463796964938685 0.23428456586790508 -0.9503862602215412 -4.792294594965253 -0.978486770201574 -0.07496041438324944 0.19220972091967928 -0.05876654935490983 -0.026209576869095193 0.9692737892440076 0.24458409516762955 1.3977411710284209 0.0 0.0 0.0 1.0
-0.20619731593373902 0.241158262226663 -0.9483276646315668 -4.755622339877985 -0.9781570473705322 -0.07684405071302895 0.1931418715592619 -0.07979057696285648 -0.026295581045079473 0.9674387238857445 0.2517356907311439 1.4270044864201672 0.0 0.0 0.0 1.0
-0.20793256085846767 0.24734388482824415 -0.9463535559276643 -4.716510799951014 -0.9777889498370883 -0.07859610706518723 0.1942972504455975 -0.0967223637708766 -0.02632146866655098 0.9657347744780179 0.25819280721040555 1.4490339430307526 0.0 0.0 0.0 1.0
-0.20989480877122813 0.25383051247910854 -0.9442003178507756 -4.675243893610635 -0.977372406365218 -0.08036721893432869 0.19566371507426308 -0.11475092156710143 -0.02621733259170951 0.9639041348075975 0.2649556008403194 1.4752599863470357 0.0 0.0 0.0 1.0
-0.21207291127649527 0.26004789124026134 -0.9420192007640968 -4.633627484352445 -0.9769088985784714 -0.08202237755229017 0.19728490428541387 -0.12866973354652703 -0.025963131213620688 0.9621057238609392 0.2714378234065122 1.4988579685378216 0.0 0.0 0.0 1.0
-0.2133043281125881 0.26583204788701725 -0.9401247714897499 -4.59655880522303 -0.9766289658057588 -0.08402312465819989 0.19782815186894911 -0.16176379884825237 -0.02640315812811833 0.9603506843245722 0.2775417741570625 1.5220192525700467 0.0 0.0 0.0 1.0
-0.2151047694672781 0.2711723173385772 -0.9381873546929087 -4.559500569227436 -0.9762282001356414 -0.08588922598086947 0.19900136210682257 -0.18682707842286433 -0.026616525203572987 0.9586910947815402 0.28320124543638836 1.5398780057472008 0.0 0.0 0.0 1.0
-0.21747140377996843 0.27607937500413854 -0.9362085063057898 -4.5205863352877405 -0.97570731831634 -0.0875145652284945 0.2008393135241268 -0.2014811389623809 -0.026484288238568302 0.9571422985188653 0.2884045819791732 1.5527226113709163 0.0 0.0 0.0 1.0
-0.2193603801814089 0.280964862910924 -0.9343124581531267 -4.486253840715071 -0.9752849687967488 -0.08912181425331808 0.20217945460249284 -0.22707098790477598 -0.02646229860428919 0.9555710586227574 0.2935706026141279 1.5677912445137712 0.0 0.0 0.0 1.0
-0.22135879293338584 0.28473438410283014 -0.9326985661748818 -4.455876507591046 -0.9748271627518407 -0.09078270827461588 0.20364307658145708 -0.25174250977970586 -0.02668871585398013 0.9542980825882821 0.2976623625157473 1.5729223939410293 0.0 0.0 0.0 1.0
-0.22326671794623668 0.288572957272457 -0.9310626300268785 -4.426522185880438 -0.9743850325843497 -0.09247102188325676 0.20499492283347118 -0.28115269683006827 -0.026940321728004188 0.9529820347134814 0.30182687193589425 1.5794930630077877 0.0 0.0 0.0 1.0
-0.2256310864196497 0.2918968924374171 -0.9294551183733892 -4.397652098532711 -0.9738424887318822 -0.09388221798170678 0.2069225369247325 -0.30293017229712377 -0.02685926252374748 0.9518310424523652 0.30544434302305584 1.5818194939750083 0.0 0.0 0.0 1.0
-0.228056728298258 0.29460829391235666 -0.9280065096107715 -4.375906416789996 -0.9732769387572857 -0.09528555897880492 0.2089321964977634 -0.32607339450594436 -0.026872461050664737 0.9508557279902558 0.3084659712663028 1.5802463534543159 0.0 0.0 0.0 1.0
-0.23007366203923793 0.29673455633501206 -0.9268304662431752 -4.357771325814398 -0.972804291324492 -0.09634772992390912 0.2106393261459039 -0.35402038707136724 -0.02679404445623749 0.9500872160275063 0.3108317248397303 1.573551545859025 0.0 0.0 0.0 1.0
-0.23273259991622477 0.2989507807941356 -0.9254533849107883 -4.337932186693547 -0.9721723798005053 -0.0977018119319577 0.21292068922083118 -0.37700227495477245 -0.026765666274554522 0.949253805181472 0.31337008871530425 1.5684564479770278 0.0 0.0 0.0 1.0
-0.23495501593904616 0.3001244214752388 -0.9245114775724845 -4.324985002583291 -0.971641120626684 -0.09858707927772038 0.21492817522802307 -0.40300365246992853 -0.02663969208356174 0.9487918209372114 0.3147767579927173 1.554544856271071 0.0 0.0 0.0 1.0
-0.23740354667542904 0.30136480713555297 -0.9234818942946869 -4.313562515913172 -0.9710457234263435 -0.09969516311516956 0.2170969310397733 -0.4306276132820945 -0.026641303333092836 0.9482827255177065 0.3163069924701098 1.5417596421162971 0.0 0.0 0.0 1.0
-0.23938735630038727 0.30224901629745415 -0.9226804570569144 -4.30589055873834 -0.9705554206121664 -0.10068077633882741 0.218827687453371 -0.4642510219219829 -0.02675573145772608 0.9478971006742895 0.3174511260202116 1.5262369263513411 0.0 0.0 0.0 1.0
-0.24188085669682585 0.30264573358536 -0.9218997836805323 -4.299903845512101 -0.9699360444575531 -0.10164846477593407 0.2211145840300207 -0.4925406175498678 -0.026790312198204488 0.9476672145827135 0.31813382344765884 1.5052896294918872 0.0 0.0 0.0 1.0
-0.2443426565712597 0.3026645899442756 -0.9212441653642031 -4.296586930536845 -0.9693199268640595 -0.10244421054087126 0.22343693318462526 -0.5196389391960711 -0.02674968347538854 0.9475755008252369 0.3184103087430275 1.4832226222653413 0.0 0.0 0.0 1.0
-0.24668694379113343 0.30239423198517773 -0.9207080320433335 -4.296397574475202 -0.9687249573276517 -0.10320669217987333 0.22565534724412428 -0.5495697804082812 -0.026786355027397752 0.9475790770141846 0.3183965829486145 1.4551221847225104 0.0 0.0 0.0 1.0
