{
  "camera_angle_x": 1.2360841964355698,
  "camera_angle_y": 0.7700173056064311,
  "fl_x": 900.1946450865148,
  "fl_y": 888.3797755658865,
  "k1": 0.005132763182396137,
  "k2": -0.022283101646823546,
  "k3": 0,
  "k4": 0,
  "p1": 0.0006226047222967497,
  "p2": 5.7239971850852003e-05,
  "is_fisheye": false,
  "cx": 648.8842025261333,
  "cy": 350.1184040203519,
  "w": 1280.0,
  "h": 720.0,
  "aabb_scale": 32,
  "frames": [
    {
      "file_path": "./../../datasets/SIRDataset/sept/24/color/rgb_3106.png",
      "sharpness": 282.813628216548,
      "transform_matrix": [
        [
          0.772752957949927,
          0.41735240477683505,
          -0.47819434988015175,
          -2.186437932785337
        ],
        [
          -0.5243509879184803,
          -0.0047524218763707405,
          -0.8514889640835431,
          1.4263812367938569
        ],
        [
          -0.3576435480907305,
          0.9087322954339702,
          0.2151666976924956,
          1.1407805585949722
        ],
        [
          0.0,
          0.0,
          0.0,
          1.0
        ]
      ]
    },
    {
      "file_path": "./../../datasets/SIRDataset/sept/24/color/rgb_3119.png",
      "sharpness": 153.87549786131004,
      "transform_matrix": [
        [
          0.8721566372227368,
          0.43497380784659934,
          -0.22392093847254993,
          -2.124548943625994
        ],
        [
          -0.2538156447183098,
          0.011018918033735395,
          -0.9671898479318513,
          1.3400736342027
        ],
        [
          -0.4182348845984246,
          0.9003756826925529,
          0.12001337997229836,
          1.1431032335051865
        ],
        [
          0.0,
          0.0,
          0.0,
          1.0
        ]
      ]
    },
    {
      "file_path": "./../../datasets/SIRDataset/sept/24/color/rgb_3117.png",
      "sharpness": 163.2406282166363,
      "transform_matrix": [
        [
          0.8622833826163447,
          0.4387998753828646,
          -0.25282807889624714,
          -2.1323385616881234
        ],
        [
          -0.28716699900414927,
          0.012444569442544103,
          -0.9577996906322237,
          1.3599311973742647
        ],
        [
          -0.41713604830631695,
          0.898498637787862,
          0.13673958881121273,
          1.1392930813443716
        ],
        [
          0.0,
          0.0,
          0.0,
          1.0
        ]
      ]
    },
    {
      "file_path": "./../../datasets/SIRDataset/sept/24/color/rgb_3120.png",
      "sharpness": 147.6313244273704,
      "transform_matrix": [
        [
          0.8766235099200341,
          0.43314647730108957,
          -0.20955989861566215,
          -2.134560613519728
        ],
        [
          -0.2390577017996011,
          0.01408582973227162,
          -0.9709031901337483,
          1.2953762825420878
        ],
        [
          -0.4175914715562108,
          0.9012134700800221,
          0.11589497090623153,
          1.1563335315585004
        ],
        [
          0.0,
          0.0,
          0.0,
          1.0
        ]
      ]
    },
    {
      "file_path": "./../../datasets/SIRDataset/sept/24/color/rgb_3118.png",
      "sharpness": 157.97310546738902,
      "transform_matrix": [
        [
          0.8644724883600703,
          0.44013773110660376,
          -0.24282935278822682,
          -2.1221732306518786
        ],
        [
          -0.27582997467900433,
          0.011484923588880981,
          -0.9611378265366421,
          1.3521470936438527
        ],
        [
          -0.42024414569066015,
          0.8978568227940161,
          0.1313315796999142,
          1.1403102827108271
        ],
        [
          0.0,
          0.0,
          0.0,
          1.0
        ]
      ]
    },
    {
      "file_path": "./../../datasets/SIRDataset/sept/24/color/rgb_3116.png",
      "sharpness": 165.40246092273097,
      "transform_matrix": [
        [
          0.8549415027319053,
          0.4401315162425762,
          -0.2745164391565512,
          -2.137842012053483
        ],
        [
          -0.3088342408418904,
          0.006690559699932893,
          -0.9510923446728808,
          1.3689450417671083
        ],
        [
          -0.41676904712279195,
          0.8979083944769765,
          0.14164771985334432,
          1.1260457513930207
        ],
        [
          0.0,
          0.0,
          0.0,
          1.0
        ]
      ]
    },
    {
      "file_path": "./../../datasets/SIRDataset/sept/24/color/rgb_3105.png",
      "sharpness": 251.25907858482526,
      "transform_matrix": [
        [
          0.7715931105820468,
          0.4164348619318792,
          -0.48085972748897154,
          -2.187729860831933
        ],
        [
          -0.52729147482412,
          -0.004129693243603511,
          -0.8496744354235692,
          1.4260962634746002
        ],
        [
          -0.35581985937039373,
          0.9091561755017005,
          0.2163961096606577,
          1.1411130999383925
        ],
        [
          0.0,
          0.0,
          0.0,
          1.0
        ]
      ]
    },
    {
      "file_path": "./../../datasets/SIRDataset/sept/24/color/rgb_3115.png",
      "sharpness": 167.31058268209276,
      "transform_matrix": [
        [
          0.8528925338333246,
          0.4389151651462335,
          -0.282715057233773,
          -2.138163572277303
        ],
        [
          -0.31901278750438206,
          0.009463493707477934,
          -0.9477031622276963,
          1.3689902580838962
        ],
        [
          -0.413285817793636,
          0.8984786698318414,
          0.1480908934383329,
          1.1376574816524974
        ],
        [
          0.0,
          0.0,
          0.0,
          1.0
        ]
      ]
    },
    {
      "file_path": "./../../datasets/SIRDataset/sept/24/color/rgb_3104.png",
      "sharpness": 279.43885516905493,
      "transform_matrix": [
        [
          0.7725538679895695,
          0.4098911269230364,
          -0.484922452743516,
          -2.2026839394484123
        ],
        [
          -0.5311568012708298,
          -0.0012546541857293605,
          -0.8472726115645759,
          1.4308200195049983
        ],
        [
          -0.3478979355503172,
          0.9121335921694889,
          0.2167471719015615,
          1.1418755414190787
        ],
        [
          0.0,
          0.0,
          0.0,
          1.0
        ]
      ]
    },
    {
      "file_path": "./../../datasets/SIRDataset/sept/24/color/rgb_3103.png",
      "sharpness": 255.4706901016754,
      "transform_matrix": [
        [
          0.7727437352294565,
          0.4062654265809792,
          -0.4876633294387354,
          -2.213093048051213
        ],
        [
          -0.5341024760379736,
          0.0010940629952020397,
          -0.8454190369971042,
          1.440270062615548
        ],
        [
          -0.3429309913024534,
          0.9137544562093832,
          0.2178328005910135,
          1.1469360736664154
        ],
        [
          0.0,
          0.0,
          0.0,
          1.0
        ]
      ]
    },
    {
      "file_path": "./../../datasets/SIRDataset/sept/24/color/rgb_3114.png",
      "sharpness": 151.99416988157924,
      "transform_matrix": [
        [
          0.8432548814155301,
          0.4390808330885796,
          -0.31004713679340595,
          -2.1647823622173874
        ],
        [
          -0.34671312859829234,
          0.003539937232248599,
          -0.9379645384036746,
          1.3833006371576695
        ],
        [
          -0.4107447035265436,
          0.8984405884141476,
          0.1552201586986844,
          1.1314994149902395
        ],
        [
          0.0,
          0.0,
          0.0,
          1.0
        ]
      ]
    },
    {
      "file_path": "./../../datasets/SIRDataset/sept/24/color/rgb_3113.png",
      "sharpness": 160.03431852446664,
      "transform_matrix": [
        [
          0.8381125593691254,
          0.43824592125244577,
          -0.32481971982008573,
          -2.1738058872594066
        ],
        [
          -0.362006914231314,
          0.0014008754877771958,
          -0.9321743568654056,
          1.4041096929076968
        ],
        [
          -0.4080665778089431,
          0.8988540204642831,
          0.15982214496747604,
          1.1372130457448877
        ],
        [
          0.0,
          0.0,
          0.0,
          1.0
        ]
      ]
    },
    {
      "file_path": "./../../datasets/SIRDataset/sept/24/color/rgb_3102.png",
      "sharpness": 206.3120225615278,
      "transform_matrix": [
        [
          0.7777005240760393,
          0.3971423623637425,
          -0.4872985110983509,
          -2.221404181499412
        ],
        [
          -0.5324631115887308,
          0.004094953152735061,
          -0.8464433035689789,
          1.432120770477091
        ],
        [
          -0.3341630286120095,
          0.9177478822782325,
          0.21464830522084655,
          1.1449640873039368
        ],
        [
          0.0,
          0.0,
          0.0,
          1.0
        ]
      ]
    },
    {
      "file_path": "./../../datasets/SIRDataset/sept/24/color/rgb_3107.png",
      "sharpness": 194.0708883373955,
      "transform_matrix": [
        [
          0.7733711201905984,
          0.42102215311679303,
          -0.47395934117887,
          -2.1798250438977225
        ],
        [
          -0.5192709645788643,
          -0.008176583645532347,
          -0.8545705405793402,
          1.4279690817088022
        ],
        [
          -0.36366849718262617,
          0.9070135005148446,
          0.21230104590475013,
          1.1414635651559202
        ],
        [
          0.0,
          0.0,
          0.0,
          1.0
        ]
      ]
    },
    {
      "file_path": "./../../datasets/SIRDataset/sept/24/color/rgb_3108.png",
      "sharpness": 184.375244843165,
      "transform_matrix": [
        [
          0.7757701010252646,
          0.4248210772343656,
          -0.4665916873920432,
          -2.1768804745557326
        ],
        [
          -0.5096919965632212,
          -0.014071547668580887,
          -0.8602418614473788,
          1.4105477398660402
        ],
        [
          -0.37201454143307233,
          0.9051679644878474,
          0.20561161708128545,
          1.126134348170208
        ],
        [
          0.0,
          0.0,
          0.0,
          1.0
        ]
      ]
    },
    {
      "file_path": "./../../datasets/SIRDataset/sept/24/color/rgb_3109.png",
      "sharpness": 171.21951343338105,
      "transform_matrix": [
        [
          0.7825468365360305,
          0.42531370206337843,
          -0.4546742828831045,
          -2.180264638204032
        ],
        [
          -0.4954514551954343,
          -0.016830333822983275,
          -0.8684725645689544,
          1.4094714134701964
        ],
        [
          -0.37702560153894676,
          0.9048894931161432,
          0.19755176811083722,
          1.1266566139370084
        ],
        [
          0.0,
          0.0,
          0.0,
          1.0
        ]
      ]
    },
    {
      "file_path": "./../../datasets/SIRDataset/sept/24/color/rgb_3111.png",
      "sharpness": 135.1645169677628,
      "transform_matrix": [
        [
          0.8101743704370926,
          0.4329920248386855,
          -0.3951397170161782,
          -2.2127596891294
        ],
        [
          -0.43132069965440667,
          -0.01614911688609234,
          -0.9020541336717408,
          1.3829450981146079
        ],
        [
          -0.39696340332906527,
          0.9012530790523424,
          0.17367482249189542,
          1.1224283700987927
        ],
        [
          0.0,
          0.0,
          0.0,
          1.0
        ]
      ]
    },
    {
      "file_path": "./../../datasets/SIRDataset/sept/24/color/rgb_3112.png",
      "sharpness": 141.75141863996717,
      "transform_matrix": [
        [
          0.8251572548983893,
          0.43486348757300775,
          -0.36056795741588676,
          -2.2090100222901983
        ],
        [
          -0.3990305122671946,
          -0.0031124893157834592,
          -0.9169323653851912,
          1.3820385594444289
        ],
        [
          -0.39986267019504257,
          0.900491010303529,
          0.1709555070728439,
          1.1463293601857336
        ],
        [
          0.0,
          0.0,
          0.0,
          1.0
        ]
      ]
    },
    {
      "file_path": "./../../datasets/SIRDataset/sept/24/color/rgb_3110.png",
      "sharpness": 149.11686196492042,
      "transform_matrix": [
        [
          0.7870386024569832,
          0.4279485083905494,
          -0.4443313093397003,
          -2.1887183046063456
        ],
        [
          -0.4843705955697606,
          -0.01737123017812203,
          -0.8746904403903913,
          1.40803385273323
        ],
        [
          -0.3820410507184271,
          0.9036361627224991,
          0.1936138451599735,
          1.1448397381735986
        ],
        [
          0.0,
          0.0,
          0.0,
          1.0
        ]
      ]
    },
    {
      "file_path": "./../../datasets/SIRDataset/sept/24/color/rgb_3101.png",
      "sharpness": 198.57107530075714,
      "transform_matrix": [
        [
          0.7786277473522795,
          0.3943292105034314,
          -0.4881017361652437,
          -2.233906279278677
        ],
        [
          -0.5309633510509325,
          -0.0004869003497552676,
          -0.8473946440529682,
          1.4318946479178876
        ],
        [
          -0.3343901178802984,
          0.9189691163054254,
          0.20899524490365576,
          1.1424991891590224
        ],
        [
          0.0,
          0.0,
          0.0,
          1.0
        ]
      ]
    },
    {
      "file_path": "./../../datasets/SIRDataset/sept/24/color/rgb_3100.png",
      "sharpness": 194.3325585773562,
      "transform_matrix": [
        [
          0.7782251941191638,
          0.3922202013961991,
          -0.4904374179297342,
          -2.2455177210656614
        ],
        [
          -0.5322466566029792,
          -0.0025227786435754623,
          -0.8465855728298872,
          1.444097179457009
        ],
        [
          -0.33328522891841833,
          0.9198678977201218,
          0.2067946009456581,
          1.156489664432573
        ],
        [
          0.0,
          0.0,
          0.0,
          1.0
        ]
      ]
    },
    {
      "file_path": "./../../datasets/SIRDataset/sept/24/color/rgb_310.png",
      "sharpness": 166.5067476736834,
      "transform_matrix": [
        [
          0.34408865007597467,
          -0.25549020157953645,
          0.9035085820491202,
          -0.5081755231052163
        ],
        [
          0.936726962491397,
          0.027421945268126146,
          -0.3489851496270235,
          0.809549138171231
        ],
        [
          0.06438632334023969,
          0.9664226786795058,
          0.24876014060168067,
          0.966522248738748
        ],
        [
          0.0,
          0.0,
          0.0,
          1.0
        ]
      ]
    },
    {
      "file_path": "./../../datasets/SIRDataset/sept/24/color/rgb_3099.png",
      "sharpness": 182.95161126310435,
      "transform_matrix": [
        [
          0.7781864307824008,
          0.3905555542662822,
          -0.49182541417516634,
          -2.2574304831738603
        ],
        [
          -0.5325911146497294,
          -0.004624690362391961,
          -0.8463600397207166,
          1.4453698456765502
        ],
        [
          -0.33282515467487256,
          0.9205677440157332,
          0.204407546692739,
          1.1570171873144852
        ],
        [
          0.0,
          0.0,
          0.0,
          1.0
        ]
      ]
    },
    {
      "file_path": "./../../datasets/SIRDataset/sept/24/color/rgb_3094.png",
      "sharpness": 183.5338484314707,
      "transform_matrix": [
        [
          0.789723573031209,
          0.3751715621032516,
          -0.4853689083970019,
          -2.302098725855906
        ],
        [
          -0.5187591508699814,
          -0.013914962761954386,
          -0.854807181299287,
          1.4557039790200637
        ],
        [
          -0.3274532357912855,
          0.9268509442471277,
          0.18363470687628045,
          1.166565664239477
        ],
        [
          0.0,
          0.0,
          0.0,
          1.0
        ]
      ]
    },
    {
      "file_path": "./../../datasets/SIRDataset/sept/24/color/rgb_3097.png",
      "sharpness": 152.7002831847285,
      "transform_matrix": [
        [
          0.7819363353093687,
          0.38655235210157096,
          -0.48903256196123274,
          -2.2706325592456342
        ],
        [
          -0.5271264689464958,
          -0.008723788340897534,
          -0.8497420674850837,
          1.446007711520587
        ],
        [
          -0.33273601142836784,
          0.9222262057939764,
          0.19694052934096784,
          1.1634009438412765
        ],
        [
          0.0,
          0.0,
          0.0,
          1.0
        ]
      ]
    },
    {
      "file_path": "./../../datasets/SIRDataset/sept/24/color/rgb_3092.png",
      "sharpness": 162.28139580253202,
      "transform_matrix": [
        [
          0.7928693650893588,
          0.37380134179878205,
          -0.48128029964138064,
          -2.315849481034126
        ],
        [
          -0.5168094851076305,
          -0.006023698303885981,
          -0.8560792435063315,
          1.4612236759063026
        ],
        [
          -0.3229026572333967,
          0.9274892301151516,
          0.188408073137878,
          1.1707803755400767
        ],
        [
          0.0,
          0.0,
          0.0,
          1.0
        ]
      ]
    },
    {
      "file_path": "./../../datasets/SIRDataset/sept/24/color/rgb_3098.png",
      "sharpness": 152.67164873848904,
      "transform_matrix": [
        [
          0.7804981151536525,
          0.38738830479235126,
          -0.49066586757423175,
          -2.2638321436827544
        ],
        [
          -0.5292194932442571,
          -0.00838299027640102,
          -0.8484435475888539,
          1.4416764357362124
        ],
        [
          -0.3327903548092914,
          0.9218785314972682,
          0.1984705342408779,
          1.159605134406824
        ],
        [
          0.0,
          0.0,
          0.0,
          1.0
        ]
      ]
    },
    {
      "file_path": "./../../datasets/SIRDataset/sept/24/color/rgb_3093.png",
      "sharpness": 176.99238166460455,
      "transform_matrix": [
        [
          0.7904816023339021,
          0.375451125759392,
          -0.48391661325925006,
          -2.3051230252172656
        ],
        [
          -0.5178456236113352,
          -0.012221133411146062,
          -0.8553867862000076,
          1.4574808416794545
        ],
        [
          -0.3270699413290125,
          0.9267616177397502,
          0.18476514123327092,
          1.168568850868488
        ],
        [
          0.0,
          0.0,
          0.0,
          1.0
        ]
      ]
    },
    {
      "file_path": "./../../datasets/SIRDataset/sept/24/color/rgb_3091.png",
      "sharpness": 159.91910032228887,
      "transform_matrix": [
        [
          0.794483995433305,
          0.3732309111442486,
          -0.47905518264333224,
          -2.3201111736801283
        ],
        [
          -0.5146186582604504,
          -0.005057631383263933,
          -0.8574042552587712,
          1.4572684934551356
        ],
        [
          -0.3224326559352394,
          0.9277246937441322,
          0.18805338352557416,
          1.1707671354603015
        ],
        [
          0.0,
          0.0,
          0.0,
          1.0
        ]
      ]
    },
    {
      "file_path": "./../../datasets/SIRDataset/sept/24/color/rgb_309.png",
      "sharpness": 176.80230070702822,
      "transform_matrix": [
        [
          0.345847341487314,
          -0.2530061534505848,
          0.903536110375765,
          -0.5103399745765014
        ],
        [
          0.9360599078313031,
          0.026670198146733708,
          -0.3508283761079044,
          0.7941751352772971
        ],
        [
          0.06466425086392517,
          0.967096989395823,
          0.24605273380569453,
          0.95031399417305
        ],
        [
          0.0,
          0.0,
          0.0,
          1.0
        ]
      ]
    },
    {
      "file_path": "./../../datasets/SIRDataset/sept/24/color/rgb_3090.png",
      "sharpness": 151.4845766191647,
      "transform_matrix": [
        [
          0.7958025627958524,
          0.3729617731230876,
          -0.4770721086870475,
          -2.3257902815654226
        ],
        [
          -0.5124201690727204,
          -0.005056995308697126,
          -0.8587199759681705,
          1.459542793396776
        ],
        [
          -0.322682276268845,
          0.927832928192759,
          0.18708876501468621,
          1.168484006153148
        ],
        [
          0.0,
          0.0,
          0.0,
          1.0
        ]
      ]
    },
    {
      "file_path": "./../../datasets/SIRDataset/sept/24/color/rgb_3096.png",
      "sharpness": 138.34165841067167,
      "transform_matrix": [
        [
          0.7859326844661123,
          0.37962949282909403,
          -0.4880484235328346,
          -2.2881241659196574
        ],
        [
          -0.5243082388304764,
          -0.009198277696878558,
          -0.8514788678427305,
          1.4438335376476408
        ],
        [
          -0.3277356956830058,
          0.9250928817762942,
          0.1918136437105568,
          1.1570612320929987
        ],
        [
          0.0,
          0.0,
          0.0,
          1.0
        ]
      ]
    },
    {
      "file_path": "./../../datasets/SIRDataset/sept/24/color/rgb_3095.png",
      "sharpness": 129.35225333952607,
      "transform_matrix": [
        [
          0.7886783972456308,
          0.37622493096480103,
          -0.48625218466271636,
          -2.292966500387489
        ],
        [
          -0.5206740508289953,
          -0.011844432591167948,
          -0.8536733814584834,
          1.4421533782504843
        ],
        [
          -0.32693259022925164,
          0.9264526489727194,
          0.18654911071601574,
          1.1587200732281415
        ],
        [
          0.0,
          0.0,
          0.0,
          1.0
        ]
      ]
    },
    {
      "file_path": "./../../datasets/SIRDataset/sept/24/color/rgb_31.png",
      "sharpness": 40.80069444291858,
      "transform_matrix": [
        [
          0.5576654279896476,
          0.038071944425227655,
          0.8291922560682025,
          -0.13253516918206573
        ],
        [
          0.8289624438739932,
          0.025945610249728877,
          -0.558702149589626,
          -0.1673550407128515
        ],
        [
          -0.042784776287470426,
          0.9989381124013221,
          -0.017091242249403834,
          0.8969012893065746
        ],
        [
          0.0,
          0.0,
          0.0,
          1.0
        ]
      ]
    },
    {
      "file_path": "./../../datasets/SIRDataset/sept/24/color/rgb_3089.png",
      "sharpness": 129.78887477600549,
      "transform_matrix": [
        [
          0.7990898072142806,
          0.3732326875995474,
          -0.47133092510902846,
          -2.3325354834462795
        ],
        [
          -0.507858689327348,
          -0.0005324237234026913,
          -0.8614402290353813,
          1.457639500020533
        ],
        [
          -0.3217685996553463,
          0.9277376124118261,
          0.18912400916793953,
          1.1736231782872006
        ],
        [
          0.0,
          0.0,
          0.0,
          1.0
        ]
      ]
    },
    {
      "file_path": "./../../datasets/SIRDataset/sept/24/color/rgb_3088.png",
      "sharpness": 128.4018901493591,
      "transform_matrix": [
        [
          0.8011046201481775,
          0.3727463602981021,
          -0.4682857445112247,
          -2.3393521142436846
        ],
        [
          -0.5054958269832187,
          0.002430881190216487,
          -0.8628256253264814,
          1.4619656481305743
        ],
        [
          -0.32047676440440104,
          0.9279300845174385,
          0.1903691198063877,
          1.1741921121602965
        ],
        [
          0.0,
          0.0,
          0.0,
          1.0
        ]
      ]
    },
    {
      "file_path": "./../../datasets/SIRDataset/sept/24/color/rgb_3087.png",
      "sharpness": 118.8749490013111,
      "transform_matrix": [
        [
          0.8068689096845496,
          0.3714424754859878,
          -0.45933979801447344,
          -2.3463031581873692
        ],
        [
          -0.4971260236451257,
          0.006916271775187588,
          -0.8676507833226224,
          1.4538088975213295
        ],
        [
          -0.31910543593448315,
          0.9284302088153605,
          0.19023424551757911,
          1.1722311025637375
        ],
        [
          0.0,
          0.0,
          0.0,
          1.0
        ]
      ]
    },
    {
      "file_path": "./../../datasets/SIRDataset/sept/24/color/rgb_308.png",
      "sharpness": 160.06024298900917,
      "transform_matrix": [
        [
          0.34910141162046665,
          -0.2534805929008715,
          0.9021506489926671,
          -0.5275259181749179
        ],
        [
          0.934797282397456,
          0.026972030086154404,
          -0.3541561102341809,
          0.7587431133661162
        ],
        [
          0.06543886635475263,
          0.9669643730082127,
          0.24636894316157665,
          0.9418892300167956
        ],
        [
          0.0,
          0.0,
          0.0,
          1.0
        ]
      ]
    },
    {
      "file_path": "./../../datasets/SIRDataset/sept/24/color/rgb_3086.png",
      "sharpness": 115.70344931745058,
      "transform_matrix": [
        [
          0.8100904897274265,
          0.370645386941988,
          -0.45428558819587556,
          -2.349512783853779
        ],
        [
          -0.49203903857324066,
          0.008433599258857111,
          -0.8705322848259593,
          1.452034680536017
        ],
        [
          -0.31882751295489237,
          0.9287361689917744,
          0.189203978396315,
          1.1711997677535477
        ],
        [
          0.0,
          0.0,
          0.0,
          1.0
        ]
      ]
    },
    {
      "file_path": "./../../datasets/SIRDataset/sept/24/color/rgb_3085.png",
      "sharpness": 110.99481209554672,
      "transform_matrix": [
        [
          0.8169090458779096,
          0.36721727430005635,
          -0.4447595803005829,
          -2.3643898249733137
        ],
        [
          -0.4821612338902466,
          0.011628302168978068,
          -0.8760053236841341,
          1.4481863517536893
        ],
        [
          -0.3165124884433435,
          0.9300625011770128,
          0.18655719931236825,
          1.1749633377877282
        ],
        [
          0.0,
          0.0,
          0.0,
          1.0
        ]
      ]
    },
    {
      "file_path": "./../../datasets/SIRDataset/sept/24/color/rgb_3083.png",
      "sharpness": 104.95146699636477,
      "transform_matrix": [
        [
          0.827091579097272,
          0.36460050829858315,
          -0.4277686164101633,
          -2.371102228809666
        ],
        [
          -0.4645164977371816,
          0.014905803181715168,
          -0.8854390099619134,
          1.443801672835286
        ],
        [
          -0.31645527829598374,
          0.9310447284804535,
          0.18169141547933224,
          1.176235449176028
        ],
        [
          0.0,
          0.0,
          0.0,
          1.0
        ]
      ]
    },
    {
      "file_path": "./../../datasets/SIRDataset/sept/24/color/rgb_3084.png",
      "sharpness": 108.83290577697285,
      "transform_matrix": [
        [
          0.8205906210025944,
          0.3659413352504986,
          -0.43899655115767006,
          -2.3671955800224933
        ],
        [
          -0.4761452347638416,
          0.012906345730294352,
          -0.8792719383970008,
          1.4469045376444818
        ],
        [
          -0.3160961059216451,
          0.9305484218708354,
          0.18483204924033866,
          1.1757343381488354
        ],
        [
          0.0,
          0.0,
          0.0,
          1.0
        ]
      ]
    },
    {
      "file_path": "./../../datasets/SIRDataset/sept/24/color/rgb_3081.png",
      "sharpness": 109.01091015859414,
      "transform_matrix": [
        [
          0.8365216366767513,
          0.3605852185091475,
          -0.4125649665386399,
          -2.381161085585235
        ],
        [
          -0.44790587946079174,
          0.016300978825981385,
          -0.8939321010203247,
          1.4339199101363538
        ],
        [
          -0.3156134891948671,
          0.9325838183956112,
          0.17514436090384483,
          1.1708007527846316
        ],
        [
          0.0,
          0.0,
          0.0,
          1.0
        ]
      ]
    },
    {
      "file_path": "./../../datasets/SIRDataset/sept/24/color/rgb_3076.png",
      "sharpness": 112.7621927245234,
      "transform_matrix": [
        [
          0.8534764298787678,
          0.35123522080685027,
          -0.3849828611208886,
          -2.382516204194941
        ],
        [
          -0.41613522310551887,
          0.014636882748798824,
          -0.9091849304487843,
          1.4117217591909812
        ],
        [
          -0.31370282080191614,
          0.9361728373433466,
          0.15865358140597394,
          1.1738427701695568
        ],
        [
          0.0,
          0.0,
          0.0,
          1.0
        ]
      ]
    },
    {
      "file_path": "./../../datasets/SIRDataset/sept/24/color/rgb_3078.png",
      "sharpness": 108.16829101279811,
      "transform_matrix": [
        [
          0.84680159897485,
          0.3545635417828782,
          -0.3964993655262121,
          -2.385289670644931
        ],
        [
          -0.4292112026265683,
          0.015194851374259983,
          -0.9030763312325334,
          1.4244161409455431
        ],
        [
          -0.31417319357293555,
          0.9349084508022272,
          0.16504966861607306,
          1.1692971552988345
        ],
        [
          0.0,
          0.0,
          0.0,
          1.0
        ]
      ]
    },
    {
      "file_path": "./../../datasets/SIRDataset/sept/24/color/rgb_3080.png",
      "sharpness": 111.37284392844185,
      "transform_matrix": [
        [
          0.8390394937911255,
          0.3584600820849534,
          -0.4092909691906848,
          -2.3841421530379496
        ],
        [
          -0.44360844571870783,
          0.015183309140351722,
          -0.8960920789804045,
          1.431772465704895
        ],
        [
          -0.314998848873416,
          0.9334215750273394,
          0.17175531588110154,
          1.168743046735922
        ],
        [
          0.0,
          0.0,
          0.0,
          1.0
        ]
      ]
    },
    {
      "file_path": "./../../datasets/SIRDataset/sept/24/color/rgb_3075.png",
      "sharpness": 111.84435327212017,
      "transform_matrix": [
        [
          0.8557915717886334,
          0.34966418031565055,
          -0.38125548744954996,
          -2.3810135422678527
        ],
        [
          -0.4115714770424472,
          0.01370173040699591,
          -0.9112744821785556,
          1.4057837805142726
        ],
        [
          -0.3134161849483122,
          0.9367749055346092,
          0.1556376285625762,
          1.1683603773889402
        ],
        [
          0.0,
          0.0,
          0.0,
          1.0
        ]
      ]
    },
    {
      "file_path": "./../../datasets/SIRDataset/sept/24/color/rgb_3077.png",
      "sharpness": 108.42485662328933,
      "transform_matrix": [
        [
          0.8490036305989394,
          0.35327451025248885,
          -0.39292487282730526,
          -2.3848987566484996
        ],
        [
          -0.4248166860113019,
          0.014175172012330766,
          -0.9051684085216624,
          1.420666416206261
        ],
        [
          -0.31420314855626486,
          0.935412307464263,
          0.16211167920056122,
          1.168813195771986
        ],
        [
          0.0,
          0.0,
          0.0,
          1.0
        ]
      ]
    },
    {
      "file_path": "./../../datasets/SIRDataset/sept/24/color/rgb_3079.png",
      "sharpness": 104.09820745350402,
      "transform_matrix": [
        [
          0.8444769758280098,
          0.35569850995174934,
          -0.40042128735265037,
          -2.382885836362938
        ],
        [
          -0.43394552263346625,
          0.01619372457300393,
          -0.9007935649590666,
          1.427422914434089
        ],
        [
          -0.313926616789508,
          0.934460450395776,
          0.16802900335575924,
          1.1733638481393287
        ],
        [
          0.0,
          0.0,
          0.0,
          1.0
        ]
      ]
    },
    {
      "file_path": "./../../datasets/SIRDataset/sept/24/color/rgb_3082.png",
      "sharpness": 106.5519913207584,
      "transform_matrix": [
        [
          0.830302033820479,
          0.36371972809274433,
          -0.4222635339221062,
          -2.376668468389532
        ],
        [
          -0.45878279054405946,
          0.015910127914860822,
          -0.8884059989279569,
          1.4407978399462082
        ],
        [
          -0.31641252152755744,
          0.9313725502059773,
          0.180078563396369,
          1.1774267390914979
        ],
        [
          0.0,
          0.0,
          0.0,
          1.0
        ]
      ]
    },
    {
      "file_path": "./../../datasets/SIRDataset/sept/24/color/rgb_307.png",
      "sharpness": 153.52934650780946,
      "transform_matrix": [
        [
          0.35029607269589985,
          -0.2542142477519836,
          0.9014808804097801,
          -0.5401346548859856
        ],
        [
          0.9343658066084092,
          0.02782882151642322,
          -0.35522682350136076,
          0.7477710809776319
        ],
        [
          0.06521656919633323,
          0.9667474711549093,
          0.2472774275370903,
          0.9318006648821535
        ],
        [
          0.0,
          0.0,
          0.0,
          1.0
        ]
      ]
    },
    {
      "file_path": "./../../datasets/SIRDataset/sept/24/color/rgb_3074.png",
      "sharpness": 105.33583412991631,
      "transform_matrix": [
        [
          0.8616359997658946,
          0.3451132656381707,
          -0.3721293294523485,
          -2.3751868983778874
        ],
        [
          -0.40143270717837964,
          0.014790315804897576,
          -0.9157690910740933,
          1.3921596459443544
        ],
        [
          -0.31054015128821494,
          0.9384445004848627,
          0.1512836210537085,
          1.165748217925839
        ],
        [
          0.0,
          0.0,
          0.0,
          1.0
        ]
      ]
    },
    {
      "file_path": "./../../datasets/SIRDataset/sept/24/color/rgb_3073.png",
      "sharpness": 102.82171749041402,
      "transform_matrix": [
        [
          0.8646949487946044,
          0.3428594203832398,
          -0.36708318326264344,
          -2.3715087514927027
        ],
        [
          -0.3962017060614136,
          0.01634680426672936,
          -0.9180179682909989,
          1.3856795973270368
        ],
        [
          -0.30875047156324903,
          0.9392444835590258,
          0.14997648637344202,
          1.1652680101465627
        ],
        [
          0.0,
          0.0,
          0.0,
          1.0
        ]
      ]
    },
    {
      "file_path": "./../../datasets/SIRDataset/sept/24/color/rgb_3072.png",
      "sharpness": 91.69054677734374,
      "transform_matrix": [
        [
          0.8704327707729795,
          0.33913580827135154,
          -0.35683847208965663,
          -2.3678601276636635
        ],
        [
          -0.385744564455527,
          0.019511837373517322,
          -0.9223992731979832,
          1.3717346801444645
        ],
        [
          -0.3058560488288775,
          0.9405350561259035,
          0.14780353732080814,
          1.165141003669255
        ],
        [
          0.0,
          0.0,
          0.0,
          1.0
        ]
      ]
    },
    {
      "file_path": "./../../datasets/SIRDataset/sept/24/color/rgb_3071.png",
      "sharpness": 84.36483818774637,
      "transform_matrix": [
        [
          0.8730995073838329,
          0.3379798066123469,
          -0.3513785715991505,
          -2.365867673059899
        ],
        [
          -0.38015532601982316,
          0.020701952436500488,
          -0.9246909522996978,
          1.3624892250339455
        ],
        [
          -0.3052526467579876,
          0.9409256503778082,
          0.14655968804502562,
          1.1624836426003913
        ],
        [
          0.0,
          0.0,
          0.0,
          1.0
        ]
      ]
    },
    {
      "file_path": "./../../datasets/SIRDataset/sept/24/color/rgb_306.png",
      "sharpness": 161.50318075780046,
      "transform_matrix": [
        [
          0.35305630059644466,
          -0.25550275371483633,
          0.900038661116265,
          -0.553625739078441
        ],
        [
          0.9331197805474867,
          0.026131007749431983,
          -0.35861489872264446,
          0.7033165721025365
        ],
        [
          0.06810817691838529,
          0.9664551274268482,
          0.24764039040253802,
          0.9178812336554791
        ],
        [
          0.0,
          0.0,
          0.0,
          1.0
        ]
      ]
    },
    {
      "file_path": "./../../datasets/SIRDataset/sept/24/color/rgb_3070.png",
      "sharpness": 72.84286566679093,
      "transform_matrix": [
        [
          0.8797829957650668,
          0.3347453316641371,
          -0.33753139608395166,
          -2.358716366958239
        ],
        [
          -0.36653369506369565,
          0.025534574568948542,
          -0.9300543187821771,
          1.3413713403466319
        ],
        [
          -0.3027126208037359,
          0.9419626046090811,
          0.14516032783003444,
          1.156962037522725
        ],
        [
          0.0,
          0.0,
          0.0,
          1.0
        ]
      ]
    },
    {
      "file_path": "./../../datasets/SIRDataset/sept/24/color/rgb_3069.png",
      "sharpness": 70.78947261193831,
      "transform_matrix": [
        [
          0.8827655125249457,
          0.33367200659496804,
          -0.33073863088869304,
          -2.357278153136001
        ],
        [
          -0.3596060369713745,
          0.0268589204815326,
          -0.9327175867137663,
          1.332054718392368
        ],
        [
          -0.30233846615798804,
          0.9423065268036297,
          0.14370059664464974,
          1.153024339858
        ],
        [
          0.0,
          0.0,
          0.0,
          1.0
        ]
      ]
    },
    {
      "file_path": "./../../datasets/SIRDataset/sept/24/color/rgb_3065.png",
      "sharpness": 70.53472438964846,
      "transform_matrix": [
        [
          0.8978381682916169,
          0.32770187268681383,
          -0.2941056039027125,
          -2.345712535344758
        ],
        [
          -0.32278617459054815,
          0.03553003370303711,
          -0.9458047907465388,
          1.2696594487737376
        ],
        [
          -0.2994924191048855,
          0.9441128636947083,
          0.13767785427000975,
          1.1336487826083828
        ],
        [
          0.0,
          0.0,
          0.0,
